intrinsic:
1371.1414794921875 0.0 946.2778930664062
0.0 1369.2093505859375 561.0497436523438
0.0 0.0 1.0
distortion:
0.0 0.0 0.0 0.0 0.0
